exists	src/paÿments.py
